J = 0.28;
b = 8.5E-3;
K = 0.5093;
R = 0.13;
L = 1.6E-3;
%Kp = 100;
Td = 2*6.4775E-3;
Ti = 25.91E-3 * 2;
Kp = 6;
Kpos = 1;