J = 0.28;
b = 8.5E-3;
K = 0.5093;
R = 0.13;
L = 1.6E-3;
