R=0.895;
L=12.161e-3;
J=0.2;
K=0.9;
p=3;
