R=0.895;
L0=12.161e-3;
J=0.2;
p=3;
